1.753623188405796895e+01
8.599074541432901242e+01
9.352944791997926188e+01
9.428517019501819618e+01
9.464059446341515525e+01
9.474227439794323402e+01
9.502913172466236347e+01
9.514114956564303327e+01
9.519005689407545390e+01
9.566970143802167570e+01
9.578354091124073477e+01
9.575980898228003468e+01
9.580930183738335870e+01
9.585129139178040703e+01
9.585652345289712173e+01
9.584716978065732462e+01
9.587474695405168745e+01
9.622917204856625517e+01
9.667662553759296884e+01
9.673545135052636113e+01
9.671545520867263690e+01
9.658712795179297927e+01
9.663506742916807468e+01
9.668510429320996025e+01
9.670437221207957634e+01
9.668817702357014809e+01
9.739712298078056563e+01
9.739573305340672960e+01
9.737616379831526103e+01
9.731603893895595547e+01
9.735529989294755637e+01
9.734900732862753614e+01
9.737850383672093812e+01
9.737237801669047599e+01
9.774889221801255701e+01
9.787623359057579364e+01
9.787672689201156118e+01
9.788120084263951526e+01
9.783981398172338118e+01
9.789139450145508192e+01
9.788898286176819852e+01
9.788456634008458934e+01
