1.625891089439392090e+00
3.904513866975903302e-01
1.444757165983319158e-01
1.299320737719535934e-01
1.232253214605152636e-01
1.211999247036874283e-01
1.153192124105989896e-01
1.129107390493154506e-01
1.120543383844196800e-01
1.022243363559246082e-01
9.861404437571763548e-02
9.968976477533578184e-02
9.958825653046370074e-02
9.849971094727516530e-02
9.773588578030467655e-02
9.845271151140332078e-02
9.647796292230487181e-02
9.071185694821179424e-02
8.000049463286995621e-02
7.904113504290580239e-02
7.984566388279198956e-02
8.203490554355084841e-02
8.060172449983656062e-02
7.927386115305125325e-02
7.964620531350374844e-02
7.951388562284410211e-02
6.434561670944094480e-02
6.439033525809645386e-02
6.469515661522745598e-02
6.514592232182621345e-02
6.497019991837442443e-02
6.481228818558155969e-02
6.483767669647931553e-02
6.446628179028630889e-02
5.605907363072037963e-02
5.388613069243729237e-02
5.315382952522486326e-02
5.275389709975570468e-02
5.328016715217381849e-02
5.306658957246691150e-02
5.316644995193928191e-02
5.263421352487057669e-02
