1.528822055137844593e+01
8.019265795118791118e+01
9.029761071599291711e+01
9.159172649917994136e+01
9.183194084830365966e+01
9.214678163224382956e+01
9.220978084027179023e+01
9.239931694674137930e+01
9.244729727930111096e+01
9.293497571953098202e+01
9.307169018664932025e+01
9.319011311626519500e+01
9.327616990794692242e+01
9.324050911807142938e+01
9.323583180987202468e+01
9.330145195971982730e+01
9.324323258351630273e+01
9.354061110191616990e+01
9.404676675297271515e+01
9.415620398663732260e+01
9.411722331019247179e+01
9.402675751071829779e+01
9.416051601650572422e+01
9.406829555490138262e+01
9.415885942755399185e+01
9.410949580082601074e+01
9.486786671773266733e+01
9.477552261816427404e+01
9.480786278871011064e+01
9.483842322896774135e+01
9.481023247387800268e+01
9.486875947243670737e+01
9.490000216445531578e+01
9.489760710099692176e+01
9.524886936938113990e+01
9.548570265433387760e+01
9.547471354075241834e+01
9.546714681000358382e+01
9.542493638676845080e+01
9.534964234308893083e+01
9.540100759815052811e+01
9.540143802645820870e+01
