3.297968387603759766e+00
1.172854590594768487e+00
5.768200750052928649e-01
5.027995857447385974e-01
4.852982946634292749e-01
4.708698281645775086e-01
4.633432592451572352e-01
4.516876977980137098e-01
4.489082317054271520e-01
4.172543231248855844e-01
4.111313915774226224e-01
4.088108384609222545e-01
3.993298375457525196e-01
4.018995701670646792e-01
3.999528413414955019e-01
3.968150714933872392e-01
3.999610243141651367e-01
3.799322481155395503e-01
3.508098678961396044e-01
3.455831136107444523e-01
3.454588400125503389e-01
3.477210332900285694e-01
3.433110917359590286e-01
3.488146482557058503e-01
3.444394752383231895e-01
3.453263651132583711e-01
3.007011085674166639e-01
3.020576660186052309e-01
3.024216324985027349e-01
3.027537819147109732e-01
3.026659053564071389e-01
2.995157004818320146e-01
2.991867608800530265e-01
2.967980100363493134e-01
2.723436449319124320e-01
2.620276644080877237e-01
2.639104351252317682e-01
2.602103806957602461e-01
2.653468889966607014e-01
2.658435891941189899e-01
2.637683786898851190e-01
2.634757773950696103e-01
