6.308411214953270729e+00
8.065284429814298051e+01
9.305412546648143746e+01
9.381039840254568674e+01
9.400612127168618315e+01
9.424990239239603795e+01
9.435108807185405055e+01
9.445813239925409732e+01
9.448072192931948621e+01
9.494830910851383976e+01
9.516354597652622260e+01
9.516361977879974177e+01
9.513280992280795090e+01
9.513803873246010312e+01
9.518529302768806133e+01
9.517461444885864807e+01
9.534181046714323315e+01
9.557899699139792915e+01
9.605861125004705059e+01
9.607265112158189879e+01
9.606606870911045348e+01
9.607689037195459036e+01
9.610715053674512376e+01
9.608427638237188262e+01
9.608889834113143991e+01
9.611596505162826531e+01
9.680167545332167833e+01
9.680861027634983884e+01
9.682826095673443945e+01
9.680377583915010575e+01
9.678240521139677810e+01
9.677944029410818416e+01
9.687095513875119934e+01
9.682037703081533664e+01
9.722059195683895894e+01
9.736524472673433195e+01
9.731818015254387433e+01
9.743340021773005333e+01
9.738658158896478767e+01
9.737672925034733851e+01
9.738114952877840835e+01
9.738036231159445322e+01
