1.924665689468383789e+00
5.264837017655372708e-01
1.737351206392049874e-01
1.564843982718884807e-01
1.501377105116844246e-01
1.460072963908314592e-01
1.413513249680399819e-01
1.393865838646888844e-01
1.383357349075376996e-01
1.274376073032617573e-01
1.224053448922932108e-01
1.225294124782085464e-01
1.224039725326001582e-01
1.217262921482324539e-01
1.209536411128938199e-01
1.211101598925888589e-01
1.177547923102974931e-01
1.119698597155511371e-01
9.973643315955996180e-02
9.978132961317896787e-02
9.983317687734961920e-02
9.943926582485437815e-02
9.893514353409409157e-02
9.973738761618733406e-02
9.912487592548131776e-02
9.916424888372421531e-02
8.161898889951407776e-02
8.150846307538449353e-02
8.180066435318440743e-02
8.234217455238103389e-02
8.236224073171614923e-02
8.262433761358260742e-02
8.095396787300705721e-02
8.121391157619654855e-02
7.201934946887195155e-02
6.835672109015286657e-02
6.788219593279064268e-02
6.710544047039002091e-02
6.851395435910671849e-02
6.784144346602261066e-02
6.776745316758751858e-02
6.761241400241851940e-02
