2.293103448275861922e+01
8.192612627931940494e+01
9.070951893331613292e+01
9.202806620607921673e+01
9.231827008869993278e+01
9.251139203674549094e+01
9.265787729090480696e+01
9.275436904190938492e+01
9.284575544117529944e+01
9.348349749994635260e+01
9.356002882894382822e+01
9.362071436533592816e+01
9.364731186238955729e+01
9.373648122512545910e+01
9.369488606043314860e+01
9.375535920665100775e+01
9.374851291922310281e+01
9.414393383579003682e+01
9.463280188840975882e+01
9.462026241196926435e+01
9.455414164144335132e+01
9.455281024930015121e+01
9.463481754340614316e+01
9.469112961249871319e+01
9.465737084458503148e+01
9.468499727339798255e+01
9.540157047880065022e+01
9.540234509097150806e+01
9.534630878220265515e+01
9.543999914376230720e+01
9.540243414392993770e+01
9.546945496900646333e+01
9.553552898354060119e+01
9.539999574811854188e+01
9.593437752441053590e+01
9.608435337945715560e+01
9.598205430686195427e+01
9.609729909442950202e+01
9.594292648881759078e+01
9.603076302675923159e+01
9.599601474652375543e+01
9.606139207332643082e+01
