1.598647356033325195e+00
5.385182792544365160e-01
2.511179145574569671e-01
2.159734463021159290e-01
2.080915290787816174e-01
2.046493147239089039e-01
2.014057051166892043e-01
1.969026690497994447e-01
1.936456208452582428e-01
1.772113458290696109e-01
1.751079676747322178e-01
1.735145656242966516e-01
1.716566066518425970e-01
1.705644729286432404e-01
1.709197187200188761e-01
1.695590249598026289e-01
1.705932960174977864e-01
1.583410892896354172e-01
1.453763673715293414e-01
1.463013031557202359e-01
1.462053374350071044e-01
1.475399174131453162e-01
1.449884725809097163e-01
1.441866413950920189e-01
1.436486990451812662e-01
1.438671645000577093e-01
1.234529798366129361e-01
1.244200593028217533e-01
1.251158343069255219e-01
1.242444959841668556e-01
1.243193991556763717e-01
1.225611918270587963e-01
1.219212248660623971e-01
1.231422469951212462e-01
1.104618505500257059e-01
1.059127888791263072e-01
1.077067639194428939e-01
1.066053608134388958e-01
1.090715696886181835e-01
1.067380024790763882e-01
1.080777933672070479e-01
1.067559345271438392e-01
